# This script shows a simple way to explore the impedance data stored in a .jld2 
# The cable_impedance_data.jld2 file or more will be attached for more cable designs and configurations

using FileIO
using JLD2
using DataFrames

impedance_df = load("cables_impedance_data.jld2", "results_df")  # this .jld2 file or more will be attached for more cable designs and configurations


for row in eachrow(impedance_df)
    println("Cable ID: ", row.CableID)
    println("Formulation: ", row.Formulation)
    println("Computation Time [s]: ", row.time_taken)
    println("Line Parameters Z: [Ω/km]")
    display(row.line_params_Z)
    println("Line Parameters Y: [S/km]")
    display(row.line_params_Y)
    println("--------------------------------------------------")
end

#=
Cable ID: NAYY_O
Formulation: FEM
Computation Time [s]: 12.5047981
Line Parameters Z: [Ω/km]
3×3 Matrix{ComplexF64}:
  0.354088+0.76264im   0.0326481+0.701738im  0.0326502+0.701793im
 0.0326481+0.701738im   0.354101+0.762963im  0.0326567+0.701954im
 0.0326502+0.701793im  0.0326567+0.701954im   0.354105+0.76307im
Line Parameters Y: [S/km]
3×3 Matrix{ComplexF64}:
 8.55115e-8+0.000659752im  7.64464e-8-7.91898e-5im   7.64551e-8-7.91898e-5im
 7.64464e-8-7.91898e-5im   8.54402e-8+0.000659754im  7.64196e-8-7.91898e-5im
 7.64551e-8-7.91898e-5im   7.64196e-8-7.91898e-5im   8.54562e-8+0.000659754im
--------------------------------------------------
Cable ID: NAYY_O
Formulation: SimpleCarson
Computation Time [s]: 0.0811563
Line Parameters Z: [Ω/km]
3×3 Matrix{ComplexF64}:
 0.375748+0.788647im  0.049348+0.717414im  0.049348+0.717414im
 0.049348+0.717414im  0.375748+0.788647im  0.049348+0.717414im
 0.049348+0.717414im  0.049348+0.717414im  0.375748+0.788647im
Line Parameters Y: [S/km]
3×3 Matrix{ComplexF64}:
  0.0+1.87515e-5im  -0.0-8.83665e-6im  0.0-8.83665e-6im
 -0.0-8.83665e-6im   0.0+1.87352e-5im  0.0-8.84469e-6im
 -0.0-8.83665e-6im  -0.0-8.84469e-6im  0.0+1.87352e-5im
--------------------------------------------------
Cable ID: NAYY_O
Formulation: FullCarson
Computation Time [s]: 0.0497195
Line Parameters Z: [Ω/km]
3×3 Matrix{ComplexF64}:
  0.375632+0.788763im  0.0492313+0.71753im   0.0492313+0.71753im
 0.0492313+0.71753im    0.375631+0.788764im  0.0492307+0.717531im
 0.0492313+0.71753im   0.0492307+0.717531im   0.375631+0.788764im
Line Parameters Y: [S/km]
3×3 Matrix{ComplexF64}:
  0.0+1.87515e-5im  -0.0-8.83665e-6im  0.0-8.83665e-6im
 -0.0-8.83665e-6im   0.0+1.87352e-5im  0.0-8.84469e-6im
 -0.0-8.83665e-6im  -0.0-8.84469e-6im  0.0+1.87352e-5im
--------------------------------------------------
Cable ID: NAYY_O
Formulation: DeriModel_FullCarson
Computation Time [s]: 0.0011331
Line Parameters Z: [Ω/km]
3×3 Matrix{ComplexF64}:
  0.369489+0.788757im  0.0492313+0.71753im   0.0492313+0.71753im
 0.0492313+0.71753im    0.369488+0.788758im  0.0492307+0.717531im
 0.0492313+0.71753im   0.0492307+0.717531im   0.369488+0.788758im
Line Parameters Y: [S/km]
3×3 Matrix{ComplexF64}:
  0.0+1.87515e-5im  -0.0-8.83665e-6im  0.0-8.83665e-6im
 -0.0-8.83665e-6im   0.0+1.87352e-5im  0.0-8.84469e-6im
 -0.0-8.83665e-6im  -0.0-8.84469e-6im  0.0+1.87352e-5im
--------------------------------------------------
Cable ID: NAYY_O
Formulation: DeriModel
Computation Time [s]: 0.0603765
Line Parameters Z: [Ω/km]
3×3 Matrix{ComplexF64}:
 0.369517+0.793616im    0.04926+0.722389im    0.04926+0.722389im
  0.04926+0.722389im   0.369516+0.793617im  0.0492596+0.722389im
  0.04926+0.722389im  0.0492596+0.722389im   0.369516+0.793617im
Line Parameters Y: [S/km]
3×3 Matrix{ComplexF64}:
  0.0+1.87515e-5im  -0.0-8.83665e-6im  0.0-8.83665e-6im
 -0.0-8.83665e-6im   0.0+1.87352e-5im  0.0-8.84469e-6im
 -0.0-8.83665e-6im  -0.0-8.84469e-6im  0.0+1.87352e-5im
--------------------------------------------------
Cable ID: NAYY_O
Formulation: DeriModel_Saad
Computation Time [s]: 0.0424489
Line Parameters Z: [Ω/km]
3×3 Matrix{ComplexF64}:
  0.369692+0.772881im  0.0494359+0.755501im  0.0494359+0.755501im
 0.0494359+0.755501im   0.369693+0.77288im   0.0494363+0.711949im
 0.0494359+0.755501im  0.0494363+0.711949im   0.369693+0.77288im
Line Parameters Y: [S/km]
3×3 Matrix{ComplexF64}:
  0.0+1.87515e-5im  -0.0-8.83665e-6im  0.0-8.83665e-6im
 -0.0-8.83665e-6im   0.0+1.87352e-5im  0.0-8.84469e-6im
 -0.0-8.83665e-6im  -0.0-8.84469e-6im  0.0+1.87352e-5im
--------------------------------------------------
Cable ID: NAYCWY_O
Formulation: FEM
Computation Time [s]: 40.5187005
Line Parameters Z: [Ω/km]
4×4 Matrix{ComplexF64}:
  0.353527+0.720653im  0.0330539+0.686817im  0.0330543+0.68683im   0.0326782+0.678284im
 0.0330539+0.686817im    0.35353+0.720735im  0.0330551+0.686864im  0.0326794+0.678323im
 0.0330543+0.68683im   0.0330551+0.686864im    0.35353+0.720761im  0.0326797+0.678336im
 0.0326782+0.678284im  0.0326794+0.678323im  0.0326797+0.678336im   0.361737+0.678766im
Line Parameters Y: [S/km]
4×4 Matrix{ComplexF64}:
 4.62628e-15+0.000452039im  3.74264e-15-9.78245e-5im   3.74199e-15-9.78244e-5im   5.10322e-12-0.000256271im
 3.74264e-15-9.78245e-5im   3.78742e-15+0.000452045im  3.41663e-15-9.78253e-5im   4.61957e-12-0.000256287im
 3.74199e-15-9.78244e-5im   3.41663e-15-9.78253e-5im   3.78557e-15+0.000452045im  4.61804e-12-0.000256288im
 5.10322e-12-0.000256271im  4.61957e-12-0.000256287im  4.61804e-12-0.000256288im   6.05728e-9+0.000909921im
--------------------------------------------------
Cable ID: NAYCWY_O
Formulation: SimpleCarson
Computation Time [s]: 0.1477871
Line Parameters Z: [Ω/km]
4×4 Matrix{ComplexF64}:
 0.375748+0.788647im  0.049348+0.717414im  0.049348+0.717414im  0.049348+0.688747im
 0.049348+0.717414im  0.375748+0.788647im  0.049348+0.717414im  0.049348+0.688747im
 0.049348+0.717414im  0.049348+0.717414im  0.375748+0.788647im  0.049348+0.688747im
 0.049348+0.688747im  0.049348+0.688747im  0.049348+0.688747im  0.375748+0.704177im
Line Parameters Y: [S/km]
4×4 Matrix{ComplexF64}:
  0.0+2.11019e-5im  -0.0-6.47813e-6im  -0.0-6.47813e-6im  0.0-8.127e-6im
 -0.0-6.47813e-6im   0.0+2.11018e-5im  -0.0-6.47806e-6im  0.0-8.15499e-6im
 -0.0-6.47813e-6im  -0.0-6.47806e-6im   0.0+2.11018e-5im  0.0-8.15499e-6im
 -0.0-8.127e-6im    -0.0-8.15499e-6im  -0.0-8.15499e-6im  0.0+2.81005e-5im
--------------------------------------------------
Cable ID: NAYCWY_O
Formulation: FullCarson
Computation Time [s]: 0.0004518
Line Parameters Z: [Ω/km]
4×4 Matrix{ComplexF64}:
  0.375632+0.788763im  0.0492313+0.71753im   0.0492313+0.71753im   0.0492315+0.688864im
 0.0492313+0.71753im    0.375631+0.788764im  0.0492307+0.717531im  0.0492309+0.688864im
 0.0492313+0.71753im   0.0492307+0.717531im   0.375631+0.788764im  0.0492309+0.688864im
 0.0492315+0.688864im  0.0492309+0.688864im  0.0492309+0.688864im   0.375631+0.704294im
Line Parameters Y: [S/km]
4×4 Matrix{ComplexF64}:
  0.0+2.11019e-5im  -0.0-6.47813e-6im  -0.0-6.47813e-6im  0.0-8.127e-6im
 -0.0-6.47813e-6im   0.0+2.11018e-5im  -0.0-6.47806e-6im  0.0-8.15499e-6im
 -0.0-6.47813e-6im  -0.0-6.47806e-6im   0.0+2.11018e-5im  0.0-8.15499e-6im
 -0.0-8.127e-6im    -0.0-8.15499e-6im  -0.0-8.15499e-6im  0.0+2.81005e-5im
--------------------------------------------------
Cable ID: NAYCWY_O
Formulation: DeriModel_FullCarson
Computation Time [s]: 0.0005415
Line Parameters Z: [Ω/km]
4×4 Matrix{ComplexF64}:
  0.369489+0.788757im  0.0492313+0.71753im   0.0492313+0.71753im   0.0492315+0.688864im
 0.0492313+0.71753im    0.369488+0.788758im  0.0492307+0.717531im  0.0492309+0.688864im
 0.0492313+0.71753im   0.0492307+0.717531im   0.369488+0.788758im  0.0492309+0.688864im
 0.0492315+0.688864im  0.0492309+0.688864im  0.0492309+0.688864im   0.369488+0.704287im
Line Parameters Y: [S/km]
4×4 Matrix{ComplexF64}:
  0.0+2.11019e-5im  -0.0-6.47813e-6im  -0.0-6.47813e-6im  0.0-8.127e-6im
 -0.0-6.47813e-6im   0.0+2.11018e-5im  -0.0-6.47806e-6im  0.0-8.15499e-6im
 -0.0-6.47813e-6im  -0.0-6.47806e-6im   0.0+2.11018e-5im  0.0-8.15499e-6im
 -0.0-8.127e-6im    -0.0-8.15499e-6im  -0.0-8.15499e-6im  0.0+2.81005e-5im
--------------------------------------------------
Cable ID: NAYCWY_O
Formulation: DeriModel
Computation Time [s]: 0.0002788
Line Parameters Z: [Ω/km]
4×4 Matrix{ComplexF64}:
  0.369517+0.793616im    0.04926+0.722389im    0.04926+0.722389im  0.0492602+0.693722im
   0.04926+0.722389im   0.369516+0.793617im  0.0492596+0.722389im  0.0492597+0.693723im
   0.04926+0.722389im  0.0492596+0.722389im   0.369516+0.793617im  0.0492597+0.693723im
 0.0492602+0.693722im  0.0492597+0.693723im  0.0492597+0.693723im   0.369517+0.709146im
Line Parameters Y: [S/km]
4×4 Matrix{ComplexF64}:
  0.0+2.11019e-5im  -0.0-6.47813e-6im  -0.0-6.47813e-6im  0.0-8.127e-6im
 -0.0-6.47813e-6im   0.0+2.11018e-5im  -0.0-6.47806e-6im  0.0-8.15499e-6im
 -0.0-6.47813e-6im  -0.0-6.47806e-6im   0.0+2.11018e-5im  0.0-8.15499e-6im
 -0.0-8.127e-6im    -0.0-8.15499e-6im  -0.0-8.15499e-6im  0.0+2.81005e-5im
--------------------------------------------------
Cable ID: NAYCWY_O
Formulation: DeriModel_Saad
Computation Time [s]: 0.0002918
Line Parameters Z: [Ω/km]
4×4 Matrix{ComplexF64}:
  0.369692+0.772881im  0.0494359+0.755501im  0.0494359+0.755501im  0.0494358+1.83137im
 0.0494359+0.755501im   0.369693+0.77288im   0.0494363+0.711949im  0.0494362+0.755501im
 0.0494359+0.755501im  0.0494363+0.711949im   0.369693+0.77288im   0.0494362+0.755501im
 0.0494358+1.83137im   0.0494362+0.755501im  0.0494362+0.755501im   0.369693+0.701397im
Line Parameters Y: [S/km]
4×4 Matrix{ComplexF64}:
  0.0+2.11019e-5im  -0.0-6.47813e-6im  -0.0-6.47813e-6im  0.0-8.127e-6im
 -0.0-6.47813e-6im   0.0+2.11018e-5im  -0.0-6.47806e-6im  0.0-8.15499e-6im
 -0.0-6.47813e-6im  -0.0-6.47806e-6im   0.0+2.11018e-5im  0.0-8.15499e-6im
 -0.0-8.127e-6im    -0.0-8.15499e-6im  -0.0-8.15499e-6im  0.0+2.81005e-5im
--------------------------------------------------
Cable ID: 4c_NAYY
Formulation: FEM
Computation Time [s]: 10.4112365
Line Parameters Z: [Ω/km]
4×4 Matrix{ComplexF64}:
  0.351584+0.765312im  0.0331413+0.70168im   0.0321849+0.677502im  0.0331443+0.701762im
 0.0331413+0.70168im    0.351593+0.76555im   0.0331537+0.702004im   0.032185+0.677502im
 0.0321849+0.677502im  0.0331537+0.702004im   0.351608+0.765959im  0.0331566+0.702086im
 0.0331443+0.701762im   0.032185+0.677502im  0.0331566+0.702086im   0.351599+0.765715im
Line Parameters Y: [S/km]
4×4 Matrix{ComplexF64}:
 6.97162e-8+0.000619488im  6.18869e-8-8.58391e-5im   5.81766e-8-1.57866e-7im   6.18968e-8-8.58391e-5im
 6.18869e-8-8.58391e-5im   6.96614e-8+0.000619488im  6.18436e-8-8.58391e-5im   5.81766e-8-1.57866e-7im
 5.81766e-8-1.57866e-7im   6.18436e-8-8.58391e-5im   6.96297e-8+0.000619488im  6.18533e-8-8.58391e-5im
 6.18968e-8-8.58391e-5im   5.81766e-8-1.57866e-7im   6.18533e-8-8.58391e-5im   6.96812e-8+0.000619488im
--------------------------------------------------
Cable ID: 4c_NAYY
Formulation: SimpleCarson
Computation Time [s]: 0.0005556
Line Parameters Z: [Ω/km]
4×4 Matrix{ComplexF64}:
 0.372686+0.788558im  0.049348+0.707448im  0.049348+0.707448im  0.049348+0.707448im
 0.049348+0.707448im  0.372686+0.788558im  0.049348+0.707448im  0.049348+0.707448im
 0.049348+0.707448im  0.049348+0.707448im  0.372686+0.788558im  0.049348+0.707448im
 0.049348+0.707448im  0.049348+0.707448im  0.049348+0.707448im  0.372686+0.788558im
Line Parameters Y: [S/km]
4×4 Matrix{ComplexF64}:
  0.0+1.67881e-5im  -0.0-5.31473e-6im  -0.0-5.31948e-6im  0.0-5.31473e-6im
 -0.0-5.31473e-6im   0.0+1.67796e-5im  -0.0-5.32316e-6im  0.0-5.31942e-6im
 -0.0-5.31948e-6im  -0.0-5.32316e-6im   0.0+1.67712e-5im  0.0-5.32316e-6im
 -0.0-5.31473e-6im  -0.0-5.31942e-6im  -0.0-5.32316e-6im  0.0+1.67796e-5im
--------------------------------------------------
Cable ID: 4c_NAYY
Formulation: FullCarson
Computation Time [s]: 0.0005243
Line Parameters Z: [Ω/km]
4×4 Matrix{ComplexF64}:
   0.37257+0.788674im  0.0492316+0.707564im  0.0492311+0.707565im  0.0492316+0.707564im
 0.0492316+0.707564im   0.372569+0.788675im  0.0492306+0.707565im  0.0492311+0.707565im
 0.0492311+0.707565im  0.0492306+0.707565im   0.372568+0.788676im  0.0492306+0.707565im
 0.0492316+0.707564im  0.0492311+0.707565im  0.0492306+0.707565im   0.372569+0.788675im
Line Parameters Y: [S/km]
4×4 Matrix{ComplexF64}:
  0.0+1.67881e-5im  -0.0-5.31473e-6im  -0.0-5.31948e-6im  0.0-5.31473e-6im
 -0.0-5.31473e-6im   0.0+1.67796e-5im  -0.0-5.32316e-6im  0.0-5.31942e-6im
 -0.0-5.31948e-6im  -0.0-5.32316e-6im   0.0+1.67712e-5im  0.0-5.32316e-6im
 -0.0-5.31473e-6im  -0.0-5.31942e-6im  -0.0-5.32316e-6im  0.0+1.67796e-5im
--------------------------------------------------
Cable ID: 4c_NAYY
Formulation: DeriModel_FullCarson
Computation Time [s]: 0.0010378
Line Parameters Z: [Ω/km]
4×4 Matrix{ComplexF64}:
   0.36649+0.788667im  0.0492316+0.707564im  0.0492311+0.707565im  0.0492316+0.707564im
 0.0492316+0.707564im   0.366489+0.788668im  0.0492306+0.707565im  0.0492311+0.707565im
 0.0492311+0.707565im  0.0492306+0.707565im   0.366488+0.788669im  0.0492306+0.707565im
 0.0492316+0.707564im  0.0492311+0.707565im  0.0492306+0.707565im   0.366489+0.788668im
Line Parameters Y: [S/km]
4×4 Matrix{ComplexF64}:
  0.0+1.67881e-5im  -0.0-5.31473e-6im  -0.0-5.31948e-6im  0.0-5.31473e-6im
 -0.0-5.31473e-6im   0.0+1.67796e-5im  -0.0-5.32316e-6im  0.0-5.31942e-6im
 -0.0-5.31948e-6im  -0.0-5.32316e-6im   0.0+1.67712e-5im  0.0-5.32316e-6im
 -0.0-5.31473e-6im  -0.0-5.31942e-6im  -0.0-5.32316e-6im  0.0+1.67796e-5im
--------------------------------------------------
Cable ID: 4c_NAYY
Formulation: DeriModel
Computation Time [s]: 0.0004124
Line Parameters Z: [Ω/km]
4×4 Matrix{ComplexF64}:
  0.366518+0.793526im  0.0492602+0.712423im  0.0492599+0.712423im  0.0492602+0.712423im
 0.0492602+0.712423im   0.366517+0.793527im  0.0492595+0.712424im  0.0492599+0.712423im
 0.0492599+0.712423im  0.0492595+0.712424im   0.366517+0.793528im  0.0492595+0.712424im
 0.0492602+0.712423im  0.0492599+0.712423im  0.0492595+0.712424im   0.366517+0.793527im
Line Parameters Y: [S/km]
4×4 Matrix{ComplexF64}:
  0.0+1.67881e-5im  -0.0-5.31473e-6im  -0.0-5.31948e-6im  0.0-5.31473e-6im
 -0.0-5.31473e-6im   0.0+1.67796e-5im  -0.0-5.32316e-6im  0.0-5.31942e-6im
 -0.0-5.31948e-6im  -0.0-5.32316e-6im   0.0+1.67712e-5im  0.0-5.32316e-6im
 -0.0-5.31473e-6im  -0.0-5.31942e-6im  -0.0-5.32316e-6im  0.0+1.67796e-5im
--------------------------------------------------
Cable ID: 4c_NAYY
Formulation: DeriModel_Saad
Computation Time [s]: 0.0003028
Line Parameters Z: [Ω/km]
4×4 Matrix{ComplexF64}:
  0.366693+0.772792im  0.0494357+0.731929im  0.0494361+1.75996im   0.0494357+0.731929im
 0.0494357+0.731929im   0.366694+0.772791im  0.0494364+0.731928im  0.0494361+0.688377im
 0.0494361+1.75996im   0.0494364+0.731928im   0.366694+0.77279im   0.0494364+0.731928im
 0.0494357+0.731929im  0.0494361+0.688377im  0.0494364+0.731928im   0.366694+0.772791im
Line Parameters Y: [S/km]
4×4 Matrix{ComplexF64}:
  0.0+1.67881e-5im  -0.0-5.31473e-6im  -0.0-5.31948e-6im  0.0-5.31473e-6im
 -0.0-5.31473e-6im   0.0+1.67796e-5im  -0.0-5.32316e-6im  0.0-5.31942e-6im
 -0.0-5.31948e-6im  -0.0-5.32316e-6im   0.0+1.67712e-5im  0.0-5.32316e-6im
 -0.0-5.31473e-6im  -0.0-5.31942e-6im  -0.0-5.32316e-6im  0.0+1.67796e-5im
--------------------------------------------------

=#